Data for problem : Optimize assignment and schedule
-number of task:
57
-number of human resources:
15
-human salary:
150 150 150 150 150 100 100 100 100 100 100 100 100 100 100
-number of machine resources:
5
-consuming of machine:
30 30 40 80 100
-productivy of machine:
0.8 0.7 0.9 0.5 0.6
-number of skills:
5
-number of machine type
5
-task duration, 1D array len= 57
1 1 2 5 2 5 2 2 1 5 2 2 2 1 5 2 5 2 5 1 1 2 5 2 5 2 2 1 5 2 2 2 1 5 2 5 2 5 1 1 2 5 2 5 2 2 1 5 2 2 2 1 5 2 5 2 5
-dependency relationship : D = (t_i,t_j)
-size D:
54
1 2
2 3
3 4
4 5
5 6
5 7
7 8
8 9
6 10
10 11
11 12
12 13
13 14
14 15
15 16
16 17
16 18
17 19
20 21
21 22
22 23
23 24
24 25
24 26
26 27
27 28
25 29
29 30
30 31
31 32
32 33
33 34
34 35
35 36
35 37
36 38
39 40
40 41
41 42
42 43
43 44
43 45
45 46
46 47
44 48
48 49
49 50
50 51
51 52
52 53
53 54
54 55
54 56
55 57
-TREQ matrix: size 57x5
1 1 0 0 0
1 1 0 0 0
1 0 0 0 0
0 0 1 0 0
0 0 0 1 0
0 0 0 0 1
1 0 0 0 0
1 0 0 0 0
1 0 0 0 0
0 0 1 0 0
0 0 0 0 1
1 0 0 0 0
1 0 0 0 0
1 1 0 0 0
0 0 1 0 0
0 0 1 0 0
0 0 0 0 1
1 0 0 0 0
0 0 0 0 1
1 1 0 0 0
1 1 0 0 0
1 0 0 0 0
0 0 1 0 0
0 0 0 1 0
0 0 0 0 1
1 0 0 0 0
1 0 0 0 0
1 0 0 0 0
0 0 1 0 0
0 0 0 0 1
1 0 0 0 0
1 0 0 0 0
1 1 0 0 0
0 0 1 0 0
0 0 1 0 0
0 0 0 0 1
1 0 0 0 0
0 0 0 0 1
1 1 0 0 0
1 1 0 0 0
1 0 0 0 0
0 0 1 0 0
0 0 0 1 0
0 0 0 0 1
1 0 0 0 0
1 0 0 0 0
1 0 0 0 0
0 0 1 0 0
0 0 0 0 1
1 0 0 0 0
1 0 0 0 0
1 1 0 0 0
0 0 1 0 0
0 0 1 0 0
0 0 0 0 1
1 0 0 0 0
0 0 0 0 1
-LEXP matrix: size 15x5
0.97 0.86 0.00 0.00 0.00
0.97 0.86 0.00 0.00 0.00
0.97 0.86 0.00 0.00 0.00
0.97 0.86 0.00 0.00 0.00
0.86 0.97 0.00 0.00 0.00
0.00 0.00 0.91 0.91 0.95
0.00 0.00 0.5 0.52 0.9
0.00 0.00 0.91 0.91 0.95
0.00 0.00 0.91 0.91 0.95
0.00 0.00 0.91 0.91 0.95
0.00 0.00 0.91 0.91 0.95
0.00 0.00 0.5 0.52 0.9
0.00 0.00 0.91 0.91 0.95
0.00 0.00 0.5 0.52 0.9
0.00 0.00 0.5 0.52 0.9
-MREQ matrix: size 57x5
1 1 0 0 0
1 1 0 0 0
1 0 0 0 0
0 0 1 0 0
0 0 0 1 0
0 0 0 0 0
1 0 0 0 0
1 0 0 0 0
1 0 0 0 0
0 0 1 0 0
0 0 0 0 0
1 0 0 0 0
1 0 0 0 0
1 1 0 0 0
0 0 1 0 0
0 0 1 0 0
0 0 0 0 0
1 0 0 0 0
0 0 0 0 1
1 1 0 0 0
1 1 0 0 0
1 0 0 0 0
0 0 1 0 0
0 0 0 1 0
0 0 0 0 0
1 0 0 0 0
1 0 0 0 0
1 0 0 0 0
0 0 1 0 0
0 0 0 0 0
1 0 0 0 0
1 0 0 0 0
1 1 0 0 0
0 0 1 0 0
0 0 1 0 0
0 0 0 0 0
1 0 0 0 0
0 0 0 0 1
1 1 0 0 0
1 1 0 0 0
1 0 0 0 0
0 0 1 0 0
0 0 0 1 0
0 0 0 0 0
1 0 0 0 0
1 0 0 0 0
1 0 0 0 0
0 0 1 0 0
0 0 0 0 0
1 0 0 0 0
1 0 0 0 0
1 1 0 0 0
0 0 1 0 0
0 0 1 0 0
0 0 0 0 0
1 0 0 0 0
0 0 0 0 1
-MEXP matrix: size 15x5
0.86 0.97 0.00 0.00 0.00
0.86 0.97 0.00 0.00 0.00
0.97 0.86 0.00 0.00 0.00
0.97 0.86 0.00 0.00 0.00
0.86 0.97 0.00 0.00 0.00
0.00 0.00 0.91 0.91 0.95
0.00 0.00 0.91 0.91 0.95
0.00 0.00 0.5 0.52 0.9
0.00 0.00 0.5 0.52 0.9
0.00 0.00 0.91 0.91 0.95
0.00 0.00 0.91 0.91 0.95
0.00 0.00 0.91 0.91 0.95
0.00 0.00 0.5 0.52 0.9
0.00 0.00 0.91 0.91 0.95
0.00 0.00 0.91 0.91 0.95
